Id,SalePrice
1461,120070.7228441117
1462,157561.35642496505
1463,182232.60706543268
1464,191136.20417753424
1465,190881.60761806526
1466,174301.25008740387
1467,172785.23767266882
1468,166210.81938812055
1469,195918.14424522905
1470,116484.78358964103
1471,197921.44668345162
1472,95283.19366747786
1473,95276.97340268853
1474,149508.4224843124
1475,123948.61244830072
1476,363027.63231361314
1477,246444.96507177904
1478,291471.26030609454
1479,268060.90434403805
1480,478773.4772200004
1481,321994.7479353326
1482,207039.12697351622
1483,178859.11002974346
1484,168476.97654255293
1485,186419.26854539377
1486,198300.57742186738
1487,318212.90086656815
1488,240358.69463341674
1489,198621.4949849892
1490,211242.19618427477
1491,194860.76733137853
1492,94681.98985691913
1493,181869.05098773958
1494,292527.5323580067
1495,285701.9243870924
1496,226245.28448068746
1497,184657.53065192534
1498,158721.96442545575
1499,156375.06054794948
1500,152976.02220092286
1501,170816.5242023693
1502,151624.760308484
1503,286245.97107148444
1504,232455.22802896833
1505,220410.85110453088
1506,182889.30674198506
1507,233468.66833410482
1508,201356.52060005168
1509,161193.83569142895
1510,145956.71605430578
1511,152634.77291627743
1512,170738.71417079263
1513,144924.07458878934
1514,158642.53519185729
1515,185703.4235224331
1516,156942.04207277732
1517,168124.81923672676
1518,133224.5098568494
1519,217380.02262085312
1520,131643.1951613852
1521,137559.7284080812
1522,169027.84761210578
1523,110780.13078932413
1524,127057.08681715647
1525,119825.35476437592
1526,115047.44057094138
1527,102103.52796920355
1528,135613.57393861702
1529,144948.8143580288
1530,171341.47986338276
1531,109500.12473778614
1532,100806.27604169244
1533,148666.30992606975
1534,126812.99904643575
1535,153304.12995554804
1536,112728.54813563058
1537,65043.35846169306
1538,159450.8785812534
1539,205768.3958271885
1540,103112.22992893553
1541,144931.59175342883
1542,141789.5527383589
1543,202650.63970316813
1544,85189.39193539
1545,110226.40356243147
1546,130654.22564384413
1547,130492.66554310836
1548,134456.77242157
1549,115233.13257171099
1550,134426.8117470306
1551,114003.69669244661
1552,128178.27308687707
1553,139241.187123604
1554,113980.43951138189
1555,167016.4925982477
1556,88566.11631128164
1557,112014.37339204356
1558,97937.56765212912
1559,80807.92388043267
1560,141153.29517090876
1561,129656.54776272069
1562,129195.46714490242
1563,117501.32927528852
1564,159438.9615550651
1565,150644.8796395501
1566,234667.3843067628
1567,77577.37107249214
1568,226715.71682180642
1569,136731.56607528683
1570,135237.00345048562
1571,129405.8371476179
1572,145703.42450972504
1573,247169.54046800957
1574,111922.96511805408
1575,215643.63580147398
1576,231985.30182845602
1577,188520.11293162705
1578,146231.43887684075
1579,143238.9239452615
1580,194729.66409112068
1581,151086.9503475868
1582,123368.39518238379
1583,309414.405570341
1584,226359.6761679235
1585,137291.88743253227
1586,66100.20870345576
1587,107034.50959460912
1588,152387.14518860896
1589,101568.82902387639
1590,136639.48145763951
1591,96968.01935292628
1592,121043.83216014305
1593,117087.69933233885
1594,121617.98386307467
1595,106374.54027685593
1596,228080.1899820975
1597,183011.31456901322
1598,210050.54143602855
1599,182763.26893017764
1600,173415.26971642443
1601,67507.57308687113
1602,112757.80847423733
1603,84071.06897310192
1604,262374.13339680387
1605,245403.79041027467
1606,171180.08729674
1607,173763.39288117038
1608,216013.57022556674
1609,188167.2762753092
1610,152770.04179709058
1611,143483.28398656473
1612,166295.9836582813
1613,164462.08345800216
1614,123244.22548420195
1615,89795.02516416187
1616,78892.87654877541
1617,90932.85514705909
1618,124396.01405543105
1619,136038.90574186004
1620,148787.34082282174
1621,141165.5759767115
1622,141779.77310681227
1623,274987.29393424897
1624,217296.7660717936
1625,122176.87876297001
1626,171884.79830710136
1627,190276.61902802333
1628,285106.47062997514
1629,179641.19755761052
1630,333251.8887728543
1631,215593.80840434117
1632,244383.17932547638
1633,172061.73684726257
1634,184914.9051395532
1635,176522.13586693027
1636,153529.42458282982
1637,189237.35117285437
1638,196183.96621861093
1639,184013.72567467243
1640,257069.62319052132
1641,182024.2367481164
1642,231660.2978297354
1643,219695.3294801217
1644,229354.0382052328
1645,188789.81446504052
1646,156564.48010890573
1647,162469.70220975278
1648,132168.37834499028
1649,141391.0071907073
1650,113450.79163010094
1651,119988.73567813209
1652,96123.99409514238
1653,100210.55882158202
1654,148729.922478263
1655,145602.33820119427
1656,144255.0849208422
1657,149098.86386300952
1658,148504.78905646523
1659,128091.22775232524
1660,153070.59480138807
1661,435284.59691972577
1662,371734.5621841276
1663,371228.51781569375
1664,485608.0929416404
1665,304836.43131086504
1666,325343.2211970258
1667,363074.05886723433
1668,328159.79305871035
1669,291549.22734935064
1670,332906.13372316794
1671,259346.45443719736
1672,441848.05357343046
1673,286684.66846047586
1674,244601.68464937244
1675,191456.01106952626
1676,191185.73073348415
1677,216433.1487218302
1678,468822.63016321283
1679,373830.9413346996
1680,325994.4757006143
1681,250361.06204370927
1682,301162.30919662263
1683,185241.11437530606
1684,174841.9194645568
1685,175760.79062525558
1686,170000.5924313514
1687,173359.75048879083
1688,191944.3822553138
1689,194114.98853024218
1690,194828.46089070057
1691,184063.226294875
1692,260094.09087974756
1693,171850.36438670405
1694,180402.44133999382
1695,167307.39850867193
1696,267077.9050128294
1697,169937.37972407136
1698,338146.7397385485
1699,309249.9580478539
1700,245088.6109658885
1701,264786.6751408961
1702,244919.244861698
1703,244383.57375936233
1704,282847.0499771379
1705,229230.34989239371
1706,440600.1606890569
1707,213208.56038172165
1708,205299.61157334558
1709,265023.57164484914
1710,218306.81054521474
1711,257009.72284698067
1712,244077.88655369708
1713,265035.6777340299
1714,221999.48780150386
1715,203961.65796143035
1716,183995.5197362372
1717,175044.89865299722
1718,136024.85445272148
1719,208711.6202103978
1720,247486.03797831415
1721,169906.27250676163
1722,126142.55366024016
1723,155146.8107691173
1724,207194.22315189926
1725,234053.22733212358
1726,182835.39901869444
1727,161918.84789706997
1728,183221.97606252664
1729,163857.58341999626
1730,157902.29670300704
1731,122352.79923140032
1732,124416.13165155283
1733,116564.27690675076
1734,124162.86884232322
1735,129103.49462283496
1736,111972.01793389335
1737,318354.53893966664
1738,234768.60983871832
1739,252220.55023747
1740,201554.91944887146
1741,183868.03856150535
1742,170142.01641396547
1743,176057.21756181782
1744,317318.7698045418
1745,228388.5736456077
1746,207578.54850895444
1747,217353.60038196543
1748,204117.64972142054
1749,151631.88362261886
1750,136850.39311438924
1751,242499.17804231725
1752,116967.86316622594
1753,146152.3865095501
1754,196028.59016282496
1755,168958.77454354754
1756,122590.31764323806
1757,119102.66343912795
1758,143724.57326635436
1759,166462.9713706148
1760,162405.17971213217
1761,147209.40252927315
1762,170844.8069546847
1763,180671.3888619654
1764,113642.10739063956
1765,168841.64403409316
1766,176414.40658322
1767,217968.78818559644
1768,141000.30707894513
1769,171983.64785039617
1770,148202.41876179486
1771,127944.88164713261
1772,138465.97198708015
1773,129522.76871622185
1774,141002.2331963988
1775,136511.66353536566
1776,119451.8258418587
1777,111802.33708395773
1778,138094.19625252887
1779,115545.05523263628
1780,179691.95786908868
1781,130987.57807331767
1782,90628.45355514181
1783,136908.58885203453
1784,101621.3986650864
1785,118470.79478221107
1786,139318.69742214453
1787,167072.23691168198
1788,59508.84362320899
1789,97157.99490985784
1790,81086.1536618476
1791,175291.8399125032
1792,159884.9866738829
1793,133387.12156389208
1794,151031.09489478797
1795,136653.4592328356
1796,126514.2257067071
1797,113727.81029377294
1798,120612.53595917963
1799,109506.5581458479
1800,128665.08107966934
1801,125960.65405349956
1802,144197.4315490231
1803,148136.80442590028
1804,140780.3954556249
1805,136049.11551417946
1806,123593.56439784345
1807,136760.83272254316
1808,124184.24976693501
1809,123172.3039674726
1810,136333.0287748273
1811,105356.09120712402
1812,104088.11438736501
1813,122005.84996400918
1814,95331.76642186628
1815,57180.700140653884
1816,103384.85048998706
1817,112821.57337954012
1818,142957.5095205449
1819,121312.43160328225
1820,65263.65075076985
1821,122096.0478422063
1822,148086.14747099072
1823,51002.003360323266
1824,131032.99638873008
1825,132790.33247852922
1826,103122.47029113495
1827,103485.21259339256
1828,134231.5759279669
1829,120731.45124287854
1830,141580.16261615857
1831,157191.2329346026
1832,87582.92007366913
1833,140879.69678303288
1834,124320.81170730352
1835,130023.40210151773
1836,127055.10787944541
1837,89446.30666249809
1838,128382.47193962667
1839,95419.20774074314
1840,151849.10332396068
1841,142569.51381508706
1842,89186.23546134039
1843,134893.69980698545
1844,138958.25670823106
1845,139728.96885828912
1846,152684.11607085058
1847,156472.60740376989
1848,56074.15207626192
1849,115295.62114336257
1850,122850.23157327
1851,157880.98572737136
1852,126522.14331850948
1853,131080.06412030832
1854,175665.89474987358
1855,156262.3704076335
1856,219802.94133382948
1857,150451.07960727595
1858,138413.24399660624
1859,120527.86088212981
1860,151347.39369788874
1861,120154.36236594483
1862,288671.63642330957
1863,273537.80751478806
1864,273598.93765384867
1865,342880.6610218596
1866,329496.20822795667
1867,232965.92395554384
1868,295341.56280583027
1869,202894.22940897694
1870,224392.70550372015
1871,255020.40026024936
1872,174929.87595735097
1873,238195.64982839557
1874,144584.91969424655
1875,201076.20394781412
1876,193234.00450023444
1877,212546.5532487696
1878,207754.12070454084
1879,129412.7169664017
1880,132358.91568896978
1881,249799.4846569145
1882,251184.96240484517
1883,193753.27880583055
1884,210999.0698944193
1885,249841.75741452663
1886,296335.0863373421
1887,209145.7376665859
1888,269811.2850812349
1889,169519.82770187283
1890,122711.8386581831
1891,139190.95810037677
1892,102300.99955613581
1893,134318.19759224445
1894,130285.99782788786
1895,139178.0928840673
1896,126209.91760811195
1897,115035.07068400034
1898,111837.53568096635
1899,148489.3428286194
1900,148554.93247498834
1901,162148.2145924381
1902,145046.15769654416
1903,213855.21045482118
1904,137925.18086611605
1905,187830.43595863794
1906,156734.4399659592
1907,208190.96803587375
1908,109481.9315374242
1909,133233.44541821428
1910,121965.45080895776
1911,205360.28804285335
1912,306477.55773316504
1913,140210.94378755323
1914,57444.63645892707
1915,319962.1271097721
1916,68763.31676948321
1917,256405.29840130828
1918,139237.061567494
1919,173217.15741650327
1920,161307.70167329413
1921,392076.7541959123
1922,318595.7812275351
1923,223698.44055181462
1924,227922.47127007061
1925,207972.80948174515
1926,381459.98376204475
1927,138505.83881820366
1928,161095.94357566486
1929,126575.98381080247
1930,130534.91634004452
1931,141274.73577960595
1932,140842.18209758858
1933,177446.23587195796
1934,180243.6498146981
1935,172505.7587625753
1936,191825.30866820336
1937,184727.30647559412
1938,170741.63746665648
1939,244034.5440834717
1940,186878.64497986517
1941,175234.3356409358
1942,186961.83358088517
1943,202969.23327740096
1944,326487.74781023216
1945,373960.18020132754
1946,140112.7998139994
1947,313239.6136633041
1948,174830.95932850384
1949,250681.79370643938
1950,189111.6028401581
1951,259215.74180716573
1952,229569.31460486804
1953,168718.31379661834
1954,190220.08897041588
1955,135466.1687946534
1956,293667.5081915829
1957,159502.02230435034
1958,300316.5161176461
1959,143702.64658318792
1960,113129.10517677494
1961,117967.26376384577
1962,97159.88101329215
1963,106725.50668321068
1964,108355.68345509854
1965,146437.66692975844
1966,145291.50053419187
1967,286692.95601519535
1968,401696.58208265674
1969,377899.02524572925
1970,413205.4718872559
1971,446005.1538169889
1972,360913.8310749499
1973,268554.05483606015
1974,317864.4525881097
1975,485960.20114099304
1976,268631.12069239607
1977,345541.6672287499
1978,350573.01093634585
1979,326576.55763786536
1980,201967.28921174354
1981,337259.72889222583
1982,219792.27844108114
1983,206218.0631450515
1984,168947.3390894552
1985,216822.2755387163
1986,212399.08665431046
1987,185731.30568226078
1988,176785.3565871441
1989,193953.49539681667
1990,213291.53988295794
1991,225707.8343470377
1992,212580.71682334985
1993,173099.60468306096
1994,236209.79929242196
1995,185182.0004984469
1996,248212.78935933707
1997,309556.89453106676
1998,322631.4555183606
1999,259780.7051580284
2000,302026.5454360623
2001,267766.7130716345
2002,240317.07356895696
2003,253079.40265087338
2004,271669.3757640236
2005,226114.65997881195
2006,220700.4712576071
2007,247382.39362374952
2008,209134.6667349999
2009,193652.67345147562
2010,195595.177718425
2011,141846.29135088698
2012,177220.62452107962
2013,179702.66071517023
2014,188800.9744582717
2015,205571.30482967055
2016,191942.60509903528
2017,200100.74633081697
2018,119682.46695856363
2019,132511.02897056783
2020,110735.12919450134
2021,104839.91221754997
2022,179441.0418784839
2023,148021.21415598414
2024,236690.15128757892
2025,358327.5896921368
2026,176179.63459374322
2027,152541.2309783037
2028,150662.4156077406
2029,164459.66272558193
2030,267895.80836985254
2031,229969.9542950682
2032,255124.6911124666
2033,256190.00809968865
2034,167725.2167335865
2035,209001.94907481642
2036,192481.93583148404
2037,198835.37406612854
2038,323886.8969238668
2039,221059.7407992198
2040,318746.67853688024
2041,294407.0538057685
2042,202715.00538434432
2043,170490.56047925173
2044,175311.20890610848
2045,223489.1600995335
2046,146072.11324313714
2047,148139.2671282493
2048,137094.89696738095
2049,144003.65453712418
2050,176473.51702875583
2051,102158.93992389193
2052,122154.58253933597
2053,147856.34272504586
2054,88941.05182618812
2055,158341.6978318555
2056,141841.614825793
2057,117944.22913264712
2058,216985.8783189983
2059,130907.56696335328
2060,165621.9710614666
2061,175056.57037701333
2062,131245.91377991403
2063,115052.96244565157
2064,136871.28569242242
2065,118226.56937496872
2066,164595.8921922271
2067,116081.39099594377
2068,148382.00235838012
2069,87950.58064110392
2070,113027.0416817206
2071,93470.42493708458
2072,139460.45821234048
2073,134187.45290877126
2074,184838.52318337673
2075,147940.72546261756
2076,118458.24285455099
2077,151758.97075396648
2078,125188.86417864183
2079,133040.21192341816
2080,116282.14012623213
2081,124591.47880667415
2082,124051.18654871553
2083,145914.08946725813
2084,107306.69446131604
2085,120043.2236924013
2086,111864.13674725698
2087,123779.07510187509
2088,101839.61369112677
2089,83189.51288994405
2090,127344.58524874429
2091,111477.88053149663
2092,125021.45557402918
2093,125072.6026949159
2094,123760.89358561594
2095,148912.23201189423
2096,85734.71182981998
2097,100489.26095741338
2098,146308.42439592205
2099,53360.150827736914
2100,83352.56213874488
2101,116933.07485170264
2102,135812.82033770916
2103,103051.21608343569
2104,137616.9639038442
2105,129667.91449824818
2106,66424.6147240477
2107,195983.40669836703
2108,119244.01702462713
2109,110752.80964144038
2110,127459.37273059461
2111,145803.2280110541
2112,135255.52239264306
2113,120916.90185568063
2114,117463.92922677936
2115,159768.9284296903
2116,113430.37776546445
2117,146836.67741913738
2118,124510.54350340286
2119,113996.51330960206
2120,111285.55205680025
2121,90063.36280918057
2122,108949.58565688226
2123,84559.36460265507
2124,165825.33224855864
2125,129915.03055084552
2126,147567.81955549977
2127,155407.1101935344
2128,125698.32371125458
2129,92940.2109145716
2130,135955.66080065482
2131,145346.04937848993
2132,113500.47104457169
2133,118105.09407598934
2134,121642.74262740514
2135,100008.55976806168
2136,80640.92279605185
2137,106424.29564110798
2138,133812.4972279645
2139,151350.77692434573
2140,139011.83419719464
2141,152664.84166906527
2142,129380.0102667667
2143,144633.15589245016
2144,122340.44222130689
2145,136783.15545691352
2146,161033.0032038241
2147,148510.3752718507
2148,130836.43987475334
2149,145940.79780774334
2150,234367.90047752627
2151,125594.25857276571
2152,180844.1863024743
2153,157066.20494486886
2154,108559.55709225904
2155,138382.7273220357
2156,234751.2371583819
2157,238309.12955390947
2158,232910.62537611238
2159,215850.38351282995
2160,184420.60274772585
2161,247203.16556584547
2162,399265.14079361
2163,341759.48064077063
2164,256596.97488943095
2165,191021.62996425523
2166,151517.8171198942
2167,214436.21789332273
2168,202227.5713465451
2169,196785.16302167988
2170,221583.9291309775
2171,151874.68419313728
2172,135056.98281728136
2173,157976.16845183665
2174,232013.64219425578
2175,298820.3751167103
2176,313398.4295107363
2177,245342.64812459
2178,215563.44661268528
2179,139637.20771289384
2180,204069.345764655
2181,196031.92772867865
2182,231102.74039748477
2183,194145.67647766043
2184,124761.77862656594
2185,133623.0994013026
2186,146634.946734284
2187,153251.72960199008
2188,157412.07235038094
2189,232281.433933262
2190,81408.78112286465
2191,83207.6881213456
2192,89641.98031442193
2193,106701.65587160237
2194,100837.30209732754
2195,110205.68900151753
2196,104893.70660897541
2197,116211.4396085152
2198,156377.38312030304
2199,174109.27909682688
2200,139146.27023353742
2201,137695.82827738966
2202,209576.3706766263
2203,140723.87901878057
2204,173593.88691994268
2205,113715.1948496021
2206,127244.44051650069
2207,213036.68074850974
2208,247381.3447073273
2209,211819.54073522345
2210,118851.75428620381
2211,113880.78444945616
2212,118887.25973621396
2213,106014.35324304647
2214,140538.85701584374
2215,101060.66497743678
2216,146874.33105343848
2217,71139.11712774212
2218,85536.01179718749
2219,68302.41411771956
2220,76300.73006567685
2221,320691.2136938756
2222,262834.30595338857
2223,281457.8717092088
2224,215628.1310022368
2225,127885.34281605962
2226,181730.96529102145
2227,197656.5055494628
2228,270380.4042100019
2229,246468.79820185882
2230,153344.37981920195
2231,214520.4822977063
2232,175627.08067203933
2233,180441.77625637452
2234,241663.26261633882
2235,209988.65955065764
2236,266015.57944862667
2237,328246.83017385175
2238,202177.41735103738
2239,110163.48815008705
2240,156697.12478313822
2241,148075.33117109537
2242,129888.05720609051
2243,134083.58444264447
2244,100191.86629502638
2245,97526.37589631748
2246,146474.62014082924
2247,111642.53839625108
2248,119943.23117203555
2249,121626.013887245
2250,130615.97699056481
2251,106673.39125819513
2252,182542.28426331113
2253,154299.45044911714
2254,177924.07334579458
2255,186831.10852954048
2256,180917.55452140476
2257,195357.8309164877
2258,167671.32512645857
2259,173832.13130926367
2260,155078.70090046644
2261,181335.58656384196
2262,205959.57113574896
2263,344466.409763535
2264,470205.13513757824
2265,173791.8794531255
2266,292247.9267469922
2267,359091.74644013157
2268,394084.5400436981
2269,154086.11964631657
2270,196204.48646438145
2271,237070.37918840503
2272,201264.4040581607
2273,165324.52558869176
2274,176025.62447446032
2275,159198.84860388903
2276,186128.20619888746
2277,183496.83272199228
2278,150596.07809131604
2279,122260.42606787143
2280,118622.09484587952
2281,169603.4552256118
2282,185574.43604497905
2283,105003.89883457874
2284,113043.09836480174
2285,144656.0461991739
2286,125288.81916613014
2287,353484.93675083265
2288,274401.95118737716
2289,372759.0675467951
2290,445563.84954581235
2291,315238.7665301632
2292,416862.37902554916
2293,478134.82730392745
2294,393637.55263733864
2295,467240.9072511347
2296,286420.2557129024
2297,330109.80613249977
2298,332225.16065431095
2299,361159.3920607347
2300,321253.1667903468
2301,285215.7407561799
2302,243829.2856506057
2303,240454.99255856135
2304,246544.74552427715
2305,193229.58001172426
2306,188796.74370132643
2307,193714.19344839625
2308,219888.2741502837
2309,282779.8463081261
2310,212558.18940702354
2311,198203.38865280064
2312,175039.33840399364
2313,174676.8701793364
2314,178619.1245958529
2315,179954.64950267004
2316,193177.86253133192
2317,186167.0945375033
2318,178568.03083000373
2319,182924.39605339797
2320,185732.4069479866
2321,238836.9457050083
2322,177654.06318017052
2323,193977.6682801372
2324,180173.56567962133
2325,221908.76978346705
2326,174560.87923975775
2327,208136.07333748485
2328,221756.26402724235
2329,187711.6754183848
2330,179539.2463359717
2331,343396.3299159975
2332,381237.15975972
2333,310454.7421755075
2334,253079.17183677602
2335,261752.87165798727
2336,311552.3758831597
2337,200985.84082970966
2338,270762.5526607242
2339,227553.0989980158
2340,402200.38809039595
2341,216061.2535987694
2342,236146.05989536256
2343,223239.43175784155
2344,225675.6401071129
2345,238683.1987812176
2346,212567.11114162457
2347,197340.79103282889
2348,234613.67583231855
2349,166952.6410854131
2350,289440.42861730413
2351,262276.127041347
2352,247205.1470227499
2353,216770.32493343676
2354,135161.8277104091
2355,155213.9313692399
2356,153167.15588584813
2357,195343.89333412552
2358,201162.10818054096
2359,128587.35240117794
2360,116848.11477102243
2361,142093.7377404118
2362,268255.31258543744
2363,139227.06072177584
2364,155149.17432058853
2365,215622.5119561431
2366,189183.56121162334
2367,223484.31565493194
2368,208454.93551588396
2369,222184.40028084491
2370,163393.40775600032
2371,165203.11513623147
2372,183331.3426371436
2373,266689.0865914123
2374,297501.59349574306
2375,249343.6588227344
2376,280504.2468915859
2377,346985.112358447
2378,141278.96879519938
2379,194896.79990125087
2380,149280.14469935466
2381,166562.9728317735
2382,192156.03954746126
2383,210796.35521963247
2384,246375.43897931566
2385,157609.77427391574
2386,134481.10130120302
2387,136076.73638111821
2388,102178.90479427349
2389,120494.06411167742
2390,141856.64894484004
2391,138787.6677679843
2392,112613.69800371239
2393,164885.76777681187
2394,140740.36639168125
2395,197471.14105330606
2396,145967.74110524956
2397,220466.8295706021
2398,126727.43654280517
2399,64030.31730233271
2400,61752.14152279677
2401,115667.58701274777
2402,135403.36652963786
2403,143478.74156046877
2404,150510.61849547015
2405,155840.0629630018
2406,138727.84677892862
2407,127469.29599836194
2408,140565.90352619515
2409,124855.44986988574
2410,169136.24544406525
2411,115725.30332880245
2412,154406.2069844884
2413,132667.8356409301
2414,149278.26704016468
2415,135826.77328810262
2416,124242.30283765442
2417,130901.68694476684
2418,127930.80690827493
2419,130106.53901746488
2420,121809.93001297784
2421,144628.58636763736
2422,110707.14052746567
2423,116723.09009477163
2424,162741.73868218184
2425,177383.84465201086
2426,130902.63681566084
2427,132855.10975053773
2428,169053.11743404143
2429,112466.59373556661
2430,130749.5016354373
2431,108261.26974265538
2432,139582.39610865046
2433,139028.77878463521
2434,140554.64342723193
2435,152121.06744338613
2436,103216.37337696011
2437,105918.32385182963
2438,120921.77952104222
2439,107235.9476319466
2440,123375.8540434054
2441,97445.02130846833
2442,98867.8853625095
2443,121850.80769916797
2444,131556.7851369416
2445,95163.66479875332
2446,133565.9847487047
2447,188430.49082123596
2448,136824.6513060741
2449,111495.63929248345
2450,151306.2860372069
2451,124596.53305027302
2452,199114.42195603525
2453,97204.05929443591
2454,122319.91590246467
2455,114235.72452589528
2456,137392.76114576941
2457,124902.47042446861
2458,120907.14828382501
2459,109208.21018743278
2460,139024.15534053254
2461,123330.23808738381
2462,134892.5852825212
2463,122119.73834993597
2464,162132.8023377858
2465,137587.01786338058
2466,117789.15069665734
2467,143798.03468531716
2468,86130.66952076642
2469,84077.10633872241
2470,191193.794513138
2471,204961.8731757174
2472,158920.16993452352
2473,115731.09350275058
2474,82462.91536040675
2475,220939.883872882
2476,112953.52230417635
2477,128677.30912312638
2478,160933.73760415704
2479,103684.7259465032
2480,148893.52932255215
2481,121749.57028922117
2482,127328.29889208845
2483,111142.337160482
2484,120773.37629331465
2485,122468.53989796148
2486,151698.69901891937
2487,167330.12515975733
2488,162066.4024365791
2489,150974.77593751333
2490,147167.62408990148
2491,94247.8677840332
2492,185977.3544605888
2493,150551.45180342917
2494,159351.47007141562
2495,97956.71002240844
2496,222403.03459865614
2497,153900.86386589368
2498,108128.39409010694
2499,87421.78276629839
2500,125780.57657147695
2501,141028.92382066709
2502,150399.23964028514
2503,103166.4502630257
2504,173486.47407767756
2505,221404.806347802
2506,256338.1435952913
2507,295912.0103458386
2508,256451.74979618503
2509,220194.5882575541
2510,224842.49301963128
2511,180245.79792748243
2512,212744.18614002952
2513,220446.3325530107
2514,249293.3396083539
2515,148719.34299294848
2516,168043.8797028335
2517,141256.02301753327
2518,150905.1658130607
2519,231282.69250232066
2520,216347.9434353304
2521,192127.46666765228
2522,224738.7184079851
2523,124469.70263106945
2524,135103.95422524697
2525,145840.2686897114
2526,138120.26872682627
2527,116056.36354460081
2528,125828.24787980659
2529,128366.94863370716
2530,118330.158628885
2531,248716.2135960565
2532,230437.17377866508
2533,196153.97475338125
2534,242130.1258422531
2535,301561.8038971933
2536,235153.03027777106
2537,237127.9226529229
2538,187125.13320199956
2539,189675.3409029678
2540,179128.70594697783
2541,184308.5685745693
2542,163900.86162025746
2543,128320.05612130422
2544,124659.68614758534
2545,135079.1255658994
2546,135943.2388625799
2547,137260.54662444894
2548,152351.61769340697
2549,159386.82050496663
2550,777580.6028208312
2551,144076.5607115809
2552,127980.06211447516
2553,80622.65094691659
2554,101631.34651515956
2555,115562.65159634306
2556,103000.17312273197
2557,107377.27908164647
2558,145719.50698861832
2559,137023.1558380691
2560,137647.45284158335
2561,146539.09648466302
2562,135000.8554902232
2563,145647.29178633468
2564,182347.9177878932
2565,125836.77527353946
2566,144910.78823110164
2567,131917.5008726908
2568,188025.8571714414
2569,207859.69320157744
2570,117996.56969248921
2571,172707.0657674744
2572,162945.1869095802
2573,232808.20560384387
2574,274357.16680065094
2575,130203.3352787151
2576,119860.16463041847
2577,145980.00689767362
2578,88752.91940246598
2579,68741.94943853984
2580,111009.31461626956
2581,115224.38645412665
2582,116049.86804523933
2583,277676.1357508423
2584,173714.87914593113
2585,186823.04695244943
2586,221253.3363641711
2587,202584.69470644975
2588,143908.98336131158
2589,148601.4179754737
2590,215990.9763779976
2591,213506.44688530164
2592,221026.33900085025
2593,256839.72998441427
2594,182734.21710103544
2595,201770.5872490619
2596,304795.762366206
2597,181551.49894076667
2598,277173.2547710489
2599,334684.9243520428
2600,135320.7714655679
2601,137346.8993261805
2602,85096.37498450781
2603,91898.74130997575
2604,88220.19746843315
2605,81963.01378697527
2606,147201.1909486167
2607,190490.1747583315
2608,205207.49430839432
2609,167558.58182899552
2610,111274.92987321618
2611,131123.9356387525
2612,159292.92440713404
2613,128464.65126297859
2614,123342.74315782345
2615,151908.26904704803
2616,139126.91643227154
2617,180581.4652460759
2618,191630.83535873969
2619,204396.5378161696
2620,181138.0789815068
2621,177564.6901222299
2622,181307.98950843274
2623,246057.49826411097
2624,291682.7576333713
2625,301840.7117710911
2626,166425.37199727996
2627,165849.01716456606
2628,425556.1617147026
2629,470370.68666886224
2630,348114.811346308
2631,474836.0206267579
2632,388690.6552163634
2633,306179.9186377495
2634,398096.609582104
2635,156099.83816379588
2636,176440.77716049834
2637,174524.6287304893
2638,261051.49925493935
2639,183580.13419594755
2640,149612.05248750138
2641,102918.5549493823
2642,190830.1883418484
2643,105867.18782517052
2644,125627.4650010197
2645,108367.19516806085
2646,94643.31381579085
2647,101817.99525530537
2648,138952.785707456
2649,147194.35691162857
2650,141692.45927800363
2651,145294.15318606162
2652,420689.16022674367
2653,252343.499988668
2654,251431.0207842427
2655,381404.0026365774
2656,318079.240358382
2657,344512.9593452478
2658,287646.97963311715
2659,297923.08384824847
2660,341258.4800230691
2661,347139.13595808845
2662,355583.83414602303
2663,283172.4235809916
2664,275485.76794299815
2665,314644.4825436845
2666,282835.79599871236
2667,174237.28873066974
2668,182972.62518565642
2669,181155.08821269555
2670,281680.2683662502
2671,187197.7304598131
2672,192854.52019670018
2673,201175.37629692315
2674,199044.5075670698
2675,173672.48929642088
2676,194094.80338590342
2677,199799.96115645365
2678,250093.52876529994
2679,273997.2594461694
2680,277098.70557622775
2681,388823.4507810217
2682,309152.2359718691
2683,489238.1270701562
2684,305289.7788843688
2685,322912.8743730965
2686,255075.77943139893
2687,309821.06001847034
2688,222775.71863372668
2689,205958.34611840994
2690,441514.9545582164
2691,184758.27730238534
2692,138357.2435185765
2693,200617.11996833843
2694,138333.16185162964
2695,193020.7563934003
2696,186965.45803924868
2697,186202.7652176759
2698,195920.24528889442
2699,178672.72916933632
2700,160221.5708620725
2701,151800.48292096274
2702,114706.63157690095
2703,130818.28523731123
2704,139569.8649955709
2705,117633.5178397468
2706,112647.36462398432
2707,122705.38298612804
2708,132608.49608378884
2709,106889.17694902563
2710,124466.80453429052
2711,274299.9167192819
2712,355137.7789308004
2713,175538.7951045778
2714,150343.12699576846
2715,168247.99241097213
2716,153786.40884872118
2717,186020.1189692527
2718,222865.77865615248
2719,153602.08344911222
2720,166120.2323855773
2721,133988.1636189948
2722,158650.98109160503
2723,144462.95500923894
2724,126501.41444650956
2725,130839.47231169336
2726,150501.78143809177
2727,168282.04949975424
2728,176995.609305045
2729,151294.55417560396
2730,148502.66856569066
2731,124894.71200415722
2732,125465.2437603951
2733,157035.65357346303
2734,141152.82763559275
2735,135439.56326988665
2736,138075.60914394562
2737,119691.22252482477
2738,139499.84713442574
2739,159701.00953200847
2740,132723.53007468264
2741,147641.27964503915
2742,152638.2648396446
2743,151690.8549783894
2744,152498.78812592794
2745,139766.0286661253
2746,132990.9858162275
2747,148786.76628911635
2748,127454.0792449545
2749,125620.11202126308
2750,134621.6610941449
2751,127600.17210946592
2752,204781.52567147283
2753,145049.83341722007
2754,190966.7865772661
2755,133067.9599377907
2756,94683.42200486276
2757,70417.24542099421
2758,89993.80972918018
2759,152802.74333630412
2760,124651.1088751868
2761,142831.55620683552
2762,144800.88859439277
2763,176884.47246370677
2764,153788.08783305698
2765,280883.4817056996
2766,135071.0774278433
2767,86529.12745808337
2768,128310.15960697383
2769,126649.3117940267
2770,147228.9537739562
2771,111426.28131950597
2772,113316.1219456553
2773,155122.30130286436
2774,143458.8956539446
2775,124157.09252785171
2776,143199.4738881724
2777,144001.02009147996
2778,118878.58524950434
2779,124108.37226366794
2780,98704.68100962456
2781,97392.59782324595
2782,95553.46150573446
2783,96177.11927862483
2784,122901.82558730489
2785,136187.20746021162
2786,70133.18714662339
2787,127801.1572416736
2788,78804.85317165383
2789,175904.11844725438
2790,92670.91860563986
2791,112951.75006078686
2792,65691.77509169087
2793,163043.2614475442
2794,97695.73711150365
2795,119787.7412760296
2796,96399.97152956032
2797,196774.64359930682
2798,106276.42245133572
2799,119639.4611726824
2800,72887.94012963287
2801,109086.58421949582
2802,131829.3356315461
2803,161004.7465535419
2804,131655.73844500573
2805,96896.524398578
2806,84944.17230022435
2807,157356.98271036273
2808,144825.86471887288
2809,130508.04912807445
2810,129162.53862259178
2811,158852.51989161415
2812,154178.61530926957
2813,157376.53480163426
2814,160780.0618289861
2815,101359.70943594613
2816,243990.33402260358
2817,143959.57111754318
2818,132382.22963523632
2819,165885.1416710639
2820,139053.7171983775
2821,109508.02723969464
2822,190831.06209772133
2823,278474.093727029
2824,179758.6254568135
2825,145693.4198256226
2826,136130.75843753119
2827,143502.71735066862
2828,211572.62084613013
2829,205842.33994404058
2830,235330.87679311613
2831,181232.34035721657
2832,238975.18103546544
2833,295474.927572376
2834,222002.77277633597
2835,225035.39503058163
2836,191937.7372498739
2837,161186.03217076857
2838,147327.74822108712
2839,176457.40627899434
2840,195973.45336196167
2841,205471.65126680632
2842,230125.38693742972
2843,148965.43655119563
2844,164084.97008535854
2845,123650.15994883835
2846,210938.5732636336
2847,200729.97593742446
2848,221361.23525790178
2849,206384.70426640348
2850,278735.1683209099
2851,226883.46456785512
2852,233481.62478326933
2853,233840.18614525313
2854,138295.60386071235
2855,202800.10637597617
2856,206124.45641915427
2857,191395.51478847227
2858,205739.8942275145
2859,119511.75427141372
2860,125709.43198696355
2861,133352.19085845602
2862,197301.60709050848
2863,125551.28736150362
2864,252494.8692238953
2865,145597.0707423102
2866,141069.26919064237
2867,97497.75486153956
2868,105726.6887617873
2869,108392.62868950446
2870,132416.80099370365
2871,91815.19972702548
2872,52863.516459859
2873,102056.05424063449
2874,147162.10005976155
2875,118371.54506819825
2876,162481.22384314841
2877,142761.70004619798
2878,164457.84108159563
2879,140083.4397213907
2880,107267.21176397862
2881,141735.3696448061
2882,168593.80960554504
2883,181649.31132490566
2884,188478.57097734488
2885,185099.96909257234
2886,210289.6977527323
2887,100010.88937066472
2888,135161.39734821746
2889,60217.97110379731
2890,81541.6283222457
2891,138021.95172938134
2892,49163.19670009407
2893,90893.51353157613
2894,56587.99133329854
2895,318351.13879029825
2896,276114.27250869974
2897,217041.49821509537
2898,151407.95539220882
2899,217160.49121629176
2900,158258.54014235394
2901,207584.2363973737
2902,184789.0144119196
2903,326064.4929210467
2904,350852.78751769353
2905,93313.35135972383
2906,201646.88401915543
2907,114694.50761988177
2908,127834.74604816637
2909,154921.23980957567
2910,79550.6011821863
2911,83187.74502080517
2912,152294.8943455194
2913,84018.05077015242
2914,81279.53541685424
2915,87274.61646709939
2916,83737.04961709754
2917,162994.57944275122
2918,116962.59679907774
2919,227017.0017199264
